eta0_1: [0.36724232090004233, 0.009365228154468433]
eta0_2: [0.43523796180169366, 0.005182258933552966]
eta0_i: [0.31931173659696527, 0.0066173720608280395]
